 2.07372831e+02
 1.90872109e+02
 1.40514170e+02
 2.72305811e+02
 1.21899464e+00
 5.72950271e+01
-1.90489338e+02
 1.43732824e+02
-3.81307580e+01
-1.82902587e+01
-1.37549509e+02
 9.50972301e+01
-4.94885006e+01
 3.59403365e+00
 5.44767557e+01
-1.40406147e+02
-8.13250078e+01
-2.19933679e+01
-2.16897084e+01
 1.41809184e+01
 5.09716293e+00
-1.98846164e+01
 7.39949945e+01
 8.02027337e+01
-3.04199873e+01
-1.43053827e+02
 1.15976081e+02
 1.31555962e+02
 1.88132861e+01
 1.33019824e+00
-1.25017857e+02
-2.16511714e+01
 7.74391939e+00
-2.38406391e+02
 5.73969621e+01
 6.42676013e+01
 3.39012611e+01
 7.36021313e+01
 1.85631262e+02
-1.21946089e+02
-1.35709331e+02
-6.12669750e+01
 3.69274179e+01
-1.38109242e+02
-1.47112111e+01
 8.78464264e+01
 1.55405311e+02
 1.55115639e+02
-1.99089149e+02
 5.10589821e+01
-1.22840015e+02
 9.07973702e+01
-1.59380241e+01
-1.46954224e+01
-7.70166298e+01
-1.35410834e+02
-5.98473051e+01
 1.05303822e+02
-1.02675624e+02
 1.11412009e+01
-1.85290899e+02
-3.17805974e+01
-2.05639838e+01
 1.25198254e+02
 1.71716033e+02
 1.07571023e+02
-1.44395045e+02
 1.94997001e+02
 5.47672614e+01
 4.40766463e+01
