 2.07765273e+02
 1.73352146e+02
 1.57814642e+02
 2.21602677e+02
-4.90859159e-01
-2.52582246e+01
-1.92236739e+02
-3.95828108e+01
-1.00162718e+02
 1.07673284e+02
 8.66750046e+01
-1.92093053e+01
-1.31548624e+01
-7.21884101e+01
 5.34760506e+01
 1.79707105e+02
-1.01075587e+02
-4.16148811e+01
 1.38821888e+02
 2.87432550e+01
 6.54580758e+01
-3.00975733e+01
-1.02249715e+02
 7.72201028e+01
 1.02753349e+02
-5.63268092e+01
 3.99153162e+01
 9.24476256e+01
-5.83427154e+01
 2.39091597e+02
 3.68907548e+01
 8.08655723e+01
-8.16317640e+01
 2.69494619e+02
 8.04027600e+01
-4.79710341e+01
 9.08926352e+01
 1.23264283e+02
 1.97462116e+01
-4.00515507e+01
-6.06588444e+01
 1.21196526e+01
 2.24367900e+02
-1.72385229e+01
-2.00391088e+02
-4.96098916e+01
 1.46038380e+02
-2.15589485e+01
 1.01301523e+02
-1.62151230e+01
-1.87675905e+00
 3.13624734e+00
-1.47234244e+02
 1.59022064e+02
-5.64143454e+01
-4.64417020e+01
 2.65951133e+01
 9.42110152e+01
-2.43142840e+02
 4.60377938e+01
 1.16164277e+02
-2.47225534e+01
 6.93721654e+01
-1.29715227e+02
-1.92846941e+02
-2.08761313e+02
 4.76110966e+01
 1.44263440e+02
-4.08928468e+00
-1.81812739e+01
