 2.09803042e+02
 2.25580900e+02
 1.25116959e+02
 2.42744272e+02
 1.27346572e+01
-6.23953419e+01
-1.26610540e+02
 4.44024320e+01
 3.14955937e+02
 6.12169149e+01
-8.89210361e+00
 5.23174133e+01
-2.51524885e+02
 7.87417026e+00
-2.94895526e+01
-3.61445823e+01
-2.38216054e+02
-2.04912728e+01
 1.97454664e+02
 3.30165099e+02
 1.52658114e+01
-1.16461887e+02
-3.11526443e+01
 5.06531468e+01
 4.86807587e+01
 1.07054254e+02
-5.04017102e+01
 4.25838799e+01
 8.13873282e+01
-3.02330039e+01
 3.96721257e+01
-1.47898982e+01
 1.29011623e+02
 1.08752198e+02
-1.32944131e+02
-1.46516639e+02
 8.44895557e+01
 8.99825604e+01
-1.32957941e+02
 5.63551722e+01
-1.53573365e+02
 1.14273622e+02
-6.88813696e+00
 1.42186140e+02
-6.10722154e-01
 1.41678332e+01
-1.25951189e-01
 5.77298318e+01
 1.45846124e+02
-4.80143171e+01
-5.42681252e+01
 2.96803118e+01
-1.15522120e+02
 7.54792191e+01
 1.23840715e+02
 1.15181675e+02
-1.46071303e+00
-3.56315850e+01
 8.82148894e+01
 2.69680180e+01
-5.53980866e+01
 9.55756480e+01
-1.18338178e+02
-1.48605807e+02
-1.63881977e+02
 6.01772451e+01
 1.81674800e+02
-4.85725927e+01
-5.37595039e+01
 2.32584278e+02
