 2.08552103e+02
 2.20171603e+02
 1.64134099e+02
 2.23482662e+02
 5.50119871e+01
-5.03498191e+01
 1.81515348e+02
 2.90797914e+01
-1.11539874e+01
 2.09395446e+02
 2.90984938e+02
-1.07047504e+02
-6.10170407e+00
 2.42216368e+02
-2.11311256e+02
 2.51829567e+02
-5.87720903e+01
-2.23813817e+02
 9.27488214e+01
-4.47770028e+01
 1.03309868e+02
 6.81056364e+01
-2.60120164e+01
-1.42333013e+02
-9.10194357e+01
-7.06233060e+01
-7.27313500e+00
 1.32405387e+02
 1.80291362e+02
-1.07552992e+02
-1.37361261e+02
-1.56626780e+01
 2.38037386e+01
-1.84562266e+02
-2.11290173e+02
 3.40989451e+02
 2.16063830e+02
-3.82536249e+01
-1.01541007e+01
 3.69968190e+01
-1.49668607e+01
-2.59417286e+01
 5.76111898e+00
 2.43604151e+02
 1.06499198e+02
 1.14492611e+02
 1.24473648e+02
-1.29489367e+02
-1.61477414e+02
 8.21046905e+01
-1.67657577e+02
 4.21818872e+01
 1.02987143e+02
-8.34764936e+01
 8.74525925e+01
 7.22823739e+00
 2.55005921e+01
 8.44217619e+01
-8.46343025e+01
-7.33982151e+01
-2.09563602e+02
 3.06441277e+02
 4.74178853e+01
 9.07199864e+01
-1.28374586e+02
 6.35246148e+01
 6.47499935e+01
 5.23449722e+01
-8.65244543e+01
-3.27907094e+01
