 2.07843180e+02
 1.95110163e+02
 1.48580140e+02
 2.64255635e+02
-9.24299230e+00
 1.29611427e+02
-6.58946769e+01
-7.95640404e+01
-2.22672497e+01
-1.63015838e+02
-3.25799837e+01
-1.15941532e+02
-3.95461744e+01
 1.55123699e+02
 7.23315717e+01
-6.62876312e+00
-2.32574289e+01
-2.23741788e+02
 6.60855782e+01
 1.19592818e+02
 9.25749378e+01
-4.73944504e+01
-6.68075959e+01
-1.27003862e+02
-2.10026008e+02
 1.74572339e+02
 5.69547095e+01
-2.26752068e+02
-1.55002150e+02
 1.59773745e+01
-1.27251381e+02
-4.44190647e+01
 5.37023367e+01
-2.11546934e+02
 2.41067110e+02
 7.52616048e+01
 7.51708308e+00
 3.26472937e+01
 2.07255997e+02
-2.96987359e+02
-1.12063662e+02
 5.93484473e+01
 2.89162524e+02
-5.09809170e+00
-1.30699318e+02
 1.76660101e+02
-1.09197505e+02
 1.41239675e+02
 1.90935552e+02
-1.93036753e+02
 5.63164451e+01
 5.69130293e+01
 4.38080073e+01
-1.10764460e+02
-2.09598269e+01
 2.30304824e+02
-1.32511671e+02
-3.73743607e+01
-1.93212741e+02
 6.95816036e+01
-1.48679047e+02
-1.97781059e+01
-8.42050746e+01
 5.00609896e+01
 8.90925370e+00
 1.84403239e+02
-1.56671176e+02
-8.34079200e+01
-1.89183476e+02
 4.39001318e+01
