 2.24874772e+02
 3.54697643e+02
 2.06907969e+02
 3.07570163e+01
 2.07324847e+02
-1.50009518e+02
-3.44903884e+02
-3.04748128e+01
-1.23692849e+02
-9.55444415e+02
-2.69009651e+02
 4.14046248e+02
 4.26287667e+02
-2.03069291e+02
 2.28215941e+01
-3.51333240e+02
-5.22764952e+02
-2.49354429e+02
-2.23188754e+02
 3.31886883e+02
-1.15632727e+02
-7.24585779e+01
 9.82360028e+01
 1.35996529e+02
-1.82681398e+02
-7.12297999e+01
 1.50240027e+02
 9.45599028e+00
-3.44265938e+02
 2.16360261e+02
 2.55782015e+02
 2.08943362e+02
-1.52340262e+02
-1.74976799e+02
-9.27148869e+01
 6.62136221e+02
-1.11372880e+02
 1.63931916e+02
 1.88219463e+02
 2.08819983e+02
 5.21410676e+01
-3.55258634e+02
-5.61651023e+02
 9.43097519e+02
-2.54914350e+01
-4.26895222e+02
-1.23276063e+02
 8.45171981e+01
-2.02049713e+02
-4.47740176e+02
-5.87788027e+02
-2.24536191e+02
-3.81572878e+02
-1.88159077e+02
 1.42591395e+02
 1.22605337e+02
 2.09133033e+02
-9.46424568e+01
-2.19092882e+01
-1.87593617e+01
 2.70294086e+02
 5.52025630e+02
 4.71937847e+02
 2.13012180e+02
-1.77112886e+02
 2.19232198e+02
-4.64345048e+02
 2.32327806e+02
 4.82185631e+02
-4.27997551e+01
