 2.27870130e+02
 3.25614665e+02
 2.94394794e+02
 2.50298961e+00
 1.85724634e+02
-1.46805148e+02
 1.42440370e+02
-3.78794957e+02
-1.98853385e+02
-1.28977625e+02
-2.03913868e+02
-7.62540225e+02
 3.05321045e+02
 6.62076849e+01
 7.78308648e+01
-2.58702400e+02
 5.67463430e+01
-1.10211412e+01
 2.00002938e+02
-1.86035404e+01
 1.33624383e+02
 6.46720678e+02
 3.72873930e+02
-2.01840291e+02
 5.84330845e+01
 8.88805925e+01
-3.98608123e+02
-5.95030508e+01
-5.73854622e+01
-2.17206491e+00
-2.10554200e+02
 2.93885406e+02
-6.86621768e+00
-2.79241293e+01
-1.29517193e+02
 4.05914561e+01
 1.92569432e+02
-9.37570447e+01
-1.28891607e+02
-1.69950220e+02
 1.24125888e+02
-1.39210974e+02
-7.43064265e+01
-1.68872864e+02
 5.69526257e+00
-3.72693607e+02
 1.02572512e+02
 4.43791084e+02
-9.48094801e+01
 6.96765824e+02
 1.28073793e+02
 5.17781487e+00
 1.12226910e+02
 8.09167404e+01
 3.05504105e+01
 2.91095338e+02
 1.46697537e+02
 1.10925365e+02
 2.40635291e+02
 1.70571231e+02
 2.66016810e+02
 2.54499696e+01
 3.69315396e+02
-4.07204229e+02
 2.69188540e+01
 2.21962407e+02
-9.20777047e+01
-3.59642114e+02
-1.12201898e+02
 2.31918765e+02
