 2.33413621e+02
 3.67628608e+02
 1.89593714e+02
 2.76341086e+01
 1.06389737e+02
-4.23153830e+02
 1.14812170e+02
-3.55058246e+02
 3.16036141e+02
-6.44473158e+02
-6.85523575e+02
-5.95020259e+02
-1.75495931e+02
-2.44432753e+02
 2.88301696e+02
-2.17778371e+02
 5.50430130e+01
 3.21853025e+02
 1.71849602e+02
 1.27406254e+02
 3.84566182e+02
 2.96977950e+02
-2.40973862e+02
 7.36456188e+01
-5.02232224e+01
-2.17263688e+02
 5.94371604e+02
 1.09046079e+02
-1.17099432e+01
-1.08596574e+02
-3.94273142e+02
-4.86104324e+02
 2.57940809e+02
 2.09795163e+02
 5.28340325e+02
-3.30030001e+02
-2.92016144e+02
-3.44431527e+02
 3.71727921e+02
 2.15728142e+01
 1.18318657e+02
-3.00993243e+02
 9.40051295e+02
-1.56076465e+02
 1.87529713e+01
 2.48414529e+02
-1.25153255e+02
 8.78384778e+01
 4.20868840e+01
 3.61181295e+01
 5.45511467e+01
 3.55411467e+02
-5.39879463e+02
 1.97940814e+02
 1.49969879e+02
-1.12706169e+02
-6.46732034e+00
-4.39544310e+02
-7.56807069e+01
-1.78171803e+01
 1.13694340e+02
-2.69800114e+01
-3.90410792e+02
-5.81524724e+02
-3.47005055e+02
-2.00532236e+02
-2.21872478e+02
-1.30653768e+02
-7.58247828e+02
 1.70379290e+02
