 2.22346166e+02
 3.41550629e+02
 2.32256870e+02
 1.19755803e+01
 2.64256009e+02
 2.95798214e+01
-3.35666491e+02
-1.02073312e+02
 1.95073212e+02
-2.14386767e+02
-5.61015733e+01
-2.17365591e+02
-2.93602368e+02
 7.71994848e+01
-2.96350408e+02
-3.76140525e+02
-1.57274968e+02
-1.24289069e+01
 1.60162672e+02
 1.63529426e+02
 6.37341083e+01
-5.28185566e+02
-6.36914804e+02
-1.79425310e+02
 4.21123126e+02
-5.09166753e+01
 3.45822417e+02
-9.21166832e+01
-6.90520249e+01
-2.87978302e+02
-1.90450857e+02
-3.30153032e+02
 2.56584536e+02
 2.63065762e+02
 3.35383830e+02
 2.25810629e+01
 3.56600162e+02
-4.68479811e+01
 8.20561781e+01
 2.81985431e+02
-5.34933321e+02
-3.02263996e+01
 4.95400823e+01
 7.79632905e+01
-1.68636944e+02
 1.93292440e+02
 2.84994147e+02
 1.96647315e+02
 2.58780856e+02
 5.53716761e+02
 2.40036403e+02
 1.30325385e+02
-9.45480423e+01
-2.75576780e+00
 2.11901049e+02
 2.67864980e+01
 3.74418358e+02
-9.44759115e+01
-4.80373945e+02
-3.98535849e+02
 2.52734822e+02
-1.44708604e+02
-2.53604823e+02
 1.25162674e+02
 2.44153122e+02
-3.36882001e+02
 4.12503474e+01
-2.47365314e+02
 1.40479391e+02
 3.64171318e+01
