 2.25757679e+02
 3.86712494e+02
 2.04430905e+02
 5.74794133e+00
 7.31610731e+01
-4.12249986e+02
 5.18281148e+01
-5.18724749e+02
-4.74896379e+01
-5.57674305e+02
-3.81488185e+02
 1.40049379e+02
-1.07856557e+02
 1.72570223e+02
 7.11271743e+02
-2.89761646e+02
 2.29772977e+02
-1.78550581e+02
 3.61303260e+02
 2.99467099e+02
 1.33810435e+02
-3.52610567e+02
 3.33025435e+02
 2.04824059e+02
 2.52406693e+02
-4.01470444e+01
-1.38907219e+02
-2.70172888e+02
 1.64018424e+02
-1.29353322e+02
-4.12164593e+02
-1.61663070e+02
-3.09061623e+02
-1.39904721e+02
-9.46911680e+01
 1.19379857e+02
-3.64882240e+02
 1.25702463e+01
 2.89563957e+01
 1.69937123e+02
 7.50859668e+01
 1.54947876e+01
-2.09150266e+02
 3.33263818e+02
-5.55045284e+01
-2.72526968e+02
 7.10188951e+01
-1.59364227e+02
-3.48778813e+01
 5.63198008e+02
-1.31882069e+02
 1.91788142e+02
 1.27554817e+02
-3.69073831e+01
 3.84372959e+02
-1.60254783e+01
 1.75890325e+02
 1.35796595e+02
 4.08077784e+02
-2.39001742e+02
 1.98092451e+02
 4.35972613e+02
 2.25528372e+02
-1.17696602e+02
-4.68224126e+01
 2.94121159e+02
 1.39414886e+02
-3.05112779e+02
-6.00501226e+01
 2.40047285e+02
