 6.96121590e+01
 6.03343906e+01
 6.46368966e+01
 1.09164762e+02
-8.48026796e+01
-3.38930957e+01
 4.39662111e+01
-1.28473822e+01
 1.13984144e+00
-2.38621296e+01
 3.86898432e+01
-3.82250504e+01
-4.07899082e+01
 1.22052881e+01
 1.67498029e+01
 2.73668793e+01
 1.33190963e+01
-1.56142032e+01
-1.12410957e+01
-1.28588387e+01
-2.38875350e+01
-1.05506657e+01
-1.55480005e+01
 1.00410471e+00
 6.40013871e+00
-4.31660690e+01
 4.88226279e+01
 1.12070703e+01
-1.69768312e+00
 2.63515321e+00
-1.05355314e+00
-1.06389933e+01
 7.09159655e-01
 6.09297958e+00
 5.49174204e+00
 1.03770650e+01
 1.14341941e+01
-1.63256458e+01
-3.37837295e+01
 2.13487327e+01
 2.17167037e+01
 1.40888032e+01
 4.79654330e+00
 9.14568131e+00
-1.52564521e+01
 1.56910267e+01
 3.14865943e+01
 1.50321265e+01
 2.17871182e+01
-2.15814495e+01
-6.42147699e+00
 2.84067333e+01
-3.24904762e+01
-1.70092840e+01
-1.28088956e+01
-1.48730486e+01
-6.80076913e+00
-1.77278024e+01
 3.78135106e+01
-1.05708912e+01
-2.53023389e+01
-1.05906960e+01
 2.52825419e+01
 8.46874031e+00
-1.38551213e+01
 1.63465583e+01
-3.51634366e+01
-2.09641474e+01
 2.36631128e+01
 2.73598414e+01
