 7.03515249e+01
 6.24930621e+01
 6.36390128e+01
 1.11942167e+02
-7.64149764e+01
-5.00860444e+01
 3.03962915e+01
 2.54314252e+01
-3.66021065e+00
 3.32608167e+00
 1.45510123e+01
 1.56015674e+01
-1.83462485e+01
-1.42615854e+01
-3.82700371e+01
-9.65457580e-02
-1.21770641e+01
 9.77027758e+00
-1.83782618e+00
-1.72820745e+01
-2.54415298e+01
-2.58423641e+01
-1.89621619e+01
 3.59830069e+01
 5.55137356e+00
-8.24946581e+00
 3.02783329e+00
 1.29710507e+01
-2.45831446e+01
-2.00511675e+01
 1.16720010e+01
 2.36727496e+01
 6.60593286e+00
-6.79807912e+00
-1.68039612e+01
-6.14221203e-01
 5.21333170e+00
-7.43468659e+00
-1.22899191e+01
-1.11622845e+01
-1.68389169e+01
 1.47679816e+01
-5.52960722e-01
 2.39340245e+01
-1.37247439e+01
-2.88415872e+01
 7.70477640e+00
-1.06185138e+01
-5.92574040e+00
-3.99453482e+00
 4.25687196e-01
-1.48295609e+01
 1.23787455e+01
 3.56619676e+00
 1.97995065e+01
 8.82747084e+00
-5.19555285e+00
-5.39960397e+00
 3.84412005e+01
 4.58866798e-01
 4.25473404e+00
 1.31669920e+01
 1.65496419e+01
 3.52505282e+00
-3.46534747e+01
 1.75918297e+01
-8.78895662e+00
-9.92500299e+00
-2.84030737e+00
-8.39977863e+00
