 6.98649641e+01
 5.74635260e+01
 6.59783460e+01
 1.11102555e+02
-7.69898710e+01
-1.99505401e+01
 1.51273357e+01
 1.91592458e+01
-1.46032269e+01
-2.24091041e+01
 2.65397027e+01
-1.56486803e+01
 2.00677286e-01
-1.43763379e+01
-2.73157782e+01
-8.18215662e+00
 2.39728169e+01
 1.14121014e+01
-1.50570739e+01
 3.47313995e+00
-1.88053723e+00
 2.34415100e+01
-1.35888603e+01
-6.49608220e+00
 1.05126339e+01
-2.94144666e+01
-2.46021353e+01
 1.03374991e+01
 3.65302214e+00
-5.71187624e-02
 4.46688181e+00
 3.80011289e+01
-1.74988365e+00
-4.06241301e+00
-5.59329042e+00
-3.49030488e+01
 4.13581471e+00
-2.35455370e+01
 1.19647254e+01
 8.60741707e+00
-3.71535565e+01
-2.51226921e+01
 3.55946487e+00
 6.04859916e+00
 1.24393780e+01
 2.60923079e+00
-3.53035811e+00
-2.19652468e+01
 1.46747919e+01
 5.96588034e+00
-1.25047303e+01
-1.19692753e+01
 3.49359037e+01
 1.97630890e+01
 1.10043888e+01
-1.67578523e+01
 1.04341517e+01
-6.74271568e+00
-1.41693640e+01
-3.48093837e+00
 3.12721070e-01
 7.13770651e+00
-3.84863896e+00
-6.53812980e+00
-1.17909589e+01
-2.48434901e+01
 2.95426606e-01
-8.91023565e+00
-1.86304831e+01
-6.20750234e+00
