 7.06872878e+01
 5.53894622e+01
 7.07858700e+01
 1.14379404e+02
-8.40041666e+01
-2.02003001e+01
-1.38063205e+00
-1.65304019e+01
 8.31150747e+00
-3.03700864e+00
-3.09813229e+01
-3.54503187e+01
 6.38867270e+00
-3.12535204e+01
-1.07873449e+01
 1.76944316e+01
 9.73422922e+00
-1.40788043e+01
-7.07027243e+00
-6.13298339e+00
-1.84892267e+01
 4.06450416e+01
 6.77258667e+00
 6.97508342e+01
 4.91410832e+01
-3.63757437e+01
 3.09668673e+01
-1.95196169e+01
 3.26572209e+01
 1.06925885e+00
 1.85754407e+01
 2.00989368e+01
 3.73755528e+00
-1.26726033e+01
 1.96686021e+01
-1.58375692e+01
 1.47469900e+00
 9.95168978e+00
-1.71278973e+01
 2.65145377e+01
 2.57312423e+01
 7.35848832e-01
-4.52897145e+01
 1.77959911e+00
 3.26409092e+00
 9.30016584e+00
-3.31618790e+00
-4.22656503e+01
-1.88529573e+01
 2.14364435e+01
-2.70160047e+01
 5.61764034e+00
-3.62367732e+01
 4.07814734e+01
-2.79689622e+00
 2.46173172e+01
 2.60894362e+01
 2.39247433e+01
-1.36515818e+01
-5.75108228e-01
-4.52393408e+01
-2.28028557e+01
-1.73655118e+01
-2.61916991e+01
-1.63580211e+01
 7.65728698e+00
-1.67724269e+01
-6.08335698e+01
 3.12444020e+01
 1.46079732e+01
