 7.03737214e+01
 6.47762285e+01
 6.69708649e+01
 1.19716664e+02
-7.71553952e+01
-2.03113408e+01
 2.31521765e+01
 1.80240682e+01
 3.49352619e+01
-1.49408632e+00
-1.20074258e+01
 1.79788697e+01
 4.29025316e+00
 3.40060195e+01
-3.53208634e+01
-4.30185688e+00
 4.06306017e+00
 9.42815111e+00
 2.68031308e+01
 1.61324466e+01
-1.65445157e+01
-1.00070659e+01
-1.88646502e+01
 2.36663215e+00
-9.87425851e+00
-2.45768699e+01
 7.71265243e+00
-1.73643323e+01
 1.53492957e+01
 2.68781913e+01
-1.88806284e+01
 4.74954017e+00
 3.77097229e+01
-1.63505308e+01
-1.66108987e+01
-7.66871942e+00
-4.89879912e+01
-1.20526591e+01
-2.87792711e-01
-1.76716751e+01
 2.98179943e+01
 4.12882672e+00
-1.07168234e+01
 6.39088225e+01
-1.70522732e+01
-3.35147247e+01
-9.16737730e+00
 3.48345288e+01
 1.22525234e+00
 1.50204306e+01
 1.08980961e+01
 6.20330088e+01
-1.68494698e+01
 4.93394602e+01
-2.66286257e+01
-2.97182867e+01
-1.93128232e-02
-2.15667176e+01
-1.82194886e+01
-1.42912714e+00
-7.96075155e-01
-2.77381775e+01
 1.86434322e+00
-1.18994754e+01
-4.43390877e+01
-1.29076847e+01
 2.91189784e+01
 2.49263010e+01
-3.69926864e+01
 1.62658286e+01
